bg0_matls0_0002.png 8.94011 -6.49464 -0.11838 0.58409 0.63908 0.31222 0.27350
bg0_matls0_0004.png 3.43679 -12.55743 -0.38030 0.62888 0.75592 0.14718 0.11353
bg0_matls0_0006.png 6.48345 -12.29345 0.50000 0.63065 0.72725 0.20233 0.18015
bg0_matls0_0009.png 9.11442 -9.45050 0.50000 0.58869 0.69160 0.28223 0.30898
bg0_matls0_0011.png 11.58200 -7.73900 0.46418 0.58108 0.65199 0.35341 0.33966
bg0_matls0_0019.png 14.98231 0.87771 0.45164 0.28453 0.23816 0.20599 0.21369
bg0_matls0_0022.png 11.83293 6.68847 0.45164 -0.46334 -0.42871 -0.59919 -0.52919
bg0_matls0_0024.png 9.46920 9.90289 0.45164 -0.45015 -0.40166 -0.58169 -0.54560
bg0_matls0_0027.png 9.33150 7.22453 0.45164 0.32475 0.35482 0.66479 0.57157
bg0_matls0_0029.png 7.13601 14.26080 0.45164 -0.10709 0.02292 -0.35950 -0.31334
bg0_matls0_0030.png 4.79352 16.92301 0.45164 -0.25823 -0.09324 -0.73197 -0.62357
bg0_matls0_0031.png 1.84377 17.15701 -0.05434 -0.15698 -0.03043 -0.74835 -0.62417
bg0_matls0_0032.png -1.33828 17.24322 -0.99402 0.03106 0.08621 -0.75438 -0.62439
bg0_matls0_0033.png -4.32872 17.25554 -1.50000 0.13232 0.14901 -0.75524 -0.62442
bg0_matls0_0035.png -8.68237 15.00515 -0.05434 -0.16243 -0.12438 0.28788 0.26287
bg0_matls0_0037.png -11.03769 5.74526 0.20492 -0.50477 -0.46424 0.60085 0.52543
bg0_matls0_0038.png -11.58654 0.40556 -0.25328 -0.56467 -0.53620 0.50405 0.43632
bg0_matls0_0042.png -8.40683 5.89731 0.45164 -0.40637 -0.46305 0.52242 0.58951
bg0_matls0_0049.png -13.58529 -4.11282 0.07529 -0.51126 -0.59668 0.42851 0.44513
bg0_matls0_0053.png -8.73689 -9.86930 0.07529 -0.58107 -0.67261 0.32474 0.28383
bg0_matls0_0056.png -5.93515 -11.42080 0.45164 -0.69265 -0.67585 0.20315 0.22790
bg0_matls0_0058.png -3.11288 -11.85461 0.12714 -0.35013 -0.30755 0.05289 0.08588
bg0_matls0_0059.png -2.26896 -12.22166 -0.47550 0.29750 0.38688 -0.02206 0.00918
bg0_matls0_0060.png -1.96356 -12.39720 -0.80000 0.64622 0.76081 -0.05449 -0.02457
bg0_matls0_0065.png -11.93013 -9.91757 2.38646 0.68711 0.58950 -0.27654 -0.32233
bg0_matls0_0070.png 0.56247 15.72928 2.38646 0.01355 0.01165 0.65185 0.75814
bg0_matls0_0076.png 8.00615 -12.41017 2.38646 0.73039 0.62184 0.18318 0.21515
bg0_matls0_0077.png 4.60468 -14.10545 2.38646 0.75173 0.64048 0.10190 0.11959
bg0_matls0_0080.png -0.53665 -15.00000 2.38646 0.76048 0.64912 -0.01161 -0.01360